# Scenario 1
# Rainstorm 

'Humidity' 99 92 79 91 66 86 67 98 81 77 71 91 79 83 62 85 85 85 98 88
'Temperature' 45 51 69 24 67 67 35 29 42 45 60 51 89 27 35 31 66 38 53 37
'SunRadiation' 143 99 590 124 177 331 738 87 753 86 878 421 878 544 665 35 254 108 266 107
'Pressure' 145 153 125 175 165 141 162 128 166 194 145 173 131 177 143 135 167 122 186 120
'Motion_Sensor_Garage' 0 0 0 0 0 0 0 1 1 1 1 1 1 0 0 0 0 0 0 0
'Motion_Sensor_Bathroom' 1 1 1 1 1 1 0 0 0 0 0 0 0 0 0 0 0 0 0 0
'Motion_Sensor_Bedroom' 0 0 0 0 0 0 0 1 1 1 1 1 0 0 0 0 0 0 0 0
'Motion_Sensor_LR' 0 0 0 0 0 0 0 0 0 0 0 0 0 1 1 1 1 1 1 1


#Scenario 2
# Sunny
'Humidity' 16 8 3 18 16 27 41 42 17 23 11 47 3 42 47 47 16 22 35 16
'Temperature' 101 96 104 91 114 92 106 99 107 119 109 91 103 105 106 110 98 94 102 119
'SunRadiation' 956 1171 1063 1037 1165 1038 1117 1020 1171 1107 1110 998 1127 1091 972 948 1139 1188 1037 1077
'Pressure' 189 157 196 166 186 193 185 133 170 152 125 154 141 188 123 197 148 149 121 135
'Motion_Sensor_Garage' 0 0 0 0 0 0 0 1 1 1 1 1 1 0 0 0 0 0 0 0
'Motion_Sensor_Bathroom' 1 1 1 1 1 1 0 0 0 0 0 0 0 0 0 0 0 0 0 0
'Motion_Sensor_Bedroom' 0 0 0 0 0 0 0 1 1 1 1 1 0 0 0 0 0 0 0 0
'Motion_Sensor_LR' 1 1 1 1 1 1 1 1 1 1 1 1 1 1 1 1 1 1 1 1

#Scenario 3
# Snowing
'Humidity' 44 30 57 39 25 36 1 18 40 17 37 26 8 18 34 35 34 39 39 26
'Temperature' 16 10 9 10 12 8 5 10 8 19 14 15 14 15 15 14 12 3 4 17
'SunRadiation' 627 408 649 779 877 769 11 324 656 154 468 49 180 17 714 201 310 834 633 29
'Pressure' 133 170 166 139 195 169 163 167 178 145 152 137 135 196 179 159 138 140 125 155
'Motion_Sensor_Garage' 0 0 0 0 0 0 0 1 1 1 1 1 1 0 0 0 0 0 0 0
'Motion_Sensor_Bathroom' 1 1 1 1 1 1 0 0 0 0 0 0 0 0 0 0 0 0 0 0
'Motion_Sensor_Bedroom' 0 0 0 0 0 0 0 1 1 1 1 1 0 0 0 0 0 0 0 0
'Motion_Sensor_LR' 1 1 1 1 1 1 1 1 1 0 0 0 0 0 0 1 1 1 1 1

#Scenario 4
# Tornado
'Humidity' 38 52 16 48 11 57 41 13 57 44 15 13 31 2 12 25 22 28 17 35
'Temperature' 80 28 56 29 70 48 60 33 30 54 45 86 74 72 83 26 59 61 87 40
'SunRadiation' 217 90 15 836 602 706 253 527 57 437 879 788 304 864 208 853 846 718 567 786
'Pressure' 92 114 105 81 94 86 119 99 100 106 95 85 113 88 100 89 84 114 119 118
'Motion_Sensor_Garage' 0 0 0 0 0 0 0 1 1 1 1 1 1 0 0 0 0 0 0 0
'Motion_Sensor_Bathroom' 1 1 1 1 1 1 0 0 0 0 0 0 0 0 0 0 0 0 0 0
'Motion_Sensor_Bedroom' 0 0 0 0 0 0 0 1 1 1 1 1 0 0 0 0 0 0 0 0
'Motion_Sensor_LR' 1 1 1 1 1 1 1 1 1 1 1 1 1 1 1 1 0 0 0 0

#Scenario 5
# Progressive Weather
'Humidity' 16 8 3 18 16 27 41 42 17 23 71 91 79 83 62 85 85 85 98 88 44 30 57 39 25 36 1 18 40 17 15 13 31 2 12 25 22 28 17 35
'Temperature' 101 96 104 91 114 92 106 99 107 119 60 51 89 27 35 31 66 38 53 37 16 5 3 16 12 8 16 17 8 19 45 86 74 72 83 26 59 61 87 40
'SunRadiation' 956 1171 1063 1037 1165 1038 1117 1020 1171 1107 878 421 878 544 665 35 254 108 266 107 627 408 649 779 877 769 11 324 656 154 879 788 304 864 208 853 846 718 567 786
'Pressure' 189 157 196 166 186 193 185 133 170 152 145 173 131 177 143 135 167 122 186 120 133 170 166 139 195 169 163 167 178 145 95 85 113 88 100 89 84 114 119 118
'Motion_Sensor_Garage' 0 0 0 0 0 0 1 1 1 1 1 1 1 1 0 0 0 0 0 0 0 0 0 0 0 0 0 0 0 0 0 0 0 0 0 0 0 0 0 0
'Motion_Sensor_Bathroom' 1 1 1 1 1 1 0 0 0 0 0 0 0 0 0 0 0 0 0 0 0 0 0 0 0 0 0 0 0 0 0 0 0 0 0 0 0 0 0 0
'Motion_Sensor_Bedroom' 0 0 0 0 0 0 1 1 1 1 1 1 1 1 0 0 0 0 0 0 0 0 0 0 0 0 0 0 0 0 0 0 0 0 0 0 0 0 0 0
'Motion_Sensor_LR' 1 1 1 1 1 1 1 0 0 0 0 0 0 1 1 1 1 1 1 1 1 1 1 1 1 1 1 0 0 0 0 0 1 1 1 1 1 1 1 1